geography,name,reference,organisation,documentation-url,geometry,entry-date,start-date,end-date,slug
brownfield-site:BR1,Former Liskeard Enterprise Centre Liskeard PL14 4BW,BR1,local-authority-eng:CON,,"MULTIPOLYGON (((-4.466444 50.451225,-4.466398 50.451197,-4.466453 50.451166,-4.466482 50.451205,-4.466544 50.451187,-4.466719 50.451448,-4.466559 50.451454,-4.466327 50.451410,-4.466460 50.451258,-4.466444 50.451225)),((-4.465035 50.450950,-4.465005 50.450910,-4.465035 50.450898,-4.464956 50.450765,-4.465260 50.450604,-4.466362 50.451116,-4.466176 50.451217,-4.465671 50.450934,-4.465442 50.451087,-4.465797 50.451286,-4.465669 50.451378,-4.465785 50.451442,-4.465751 50.451475,-4.465223 50.451194,-4.465035 50.450950)))",2021-01-20,,,/brownfield-site/local-authority-eng/CON/brownfield-site-BR1
brownfield-site:BR2,Land to rear Old County Hall Truro TR1 3HA,BR2,local-authority-eng:CON,,"MULTIPOLYGON (((-5.066369 50.262660,-5.066202 50.262596,-5.065886 50.262681,-5.065814 50.262759,-5.065745 50.262746,-5.064865 50.262259,-5.065589 50.261765,-5.065734 50.261441,-5.065672 50.261382,-5.065935 50.261271,-5.066073 50.261045,-5.066296 50.261247,-5.066366 50.261131,-5.067234 50.261321,-5.067026 50.261778,-5.067274 50.261943,-5.067125 50.262244,-5.067021 50.262126,-5.066533 50.262277,-5.066387 50.262275,-5.066473 50.262465,-5.066369 50.262660)))",2021-01-20,,,/brownfield-site/local-authority-eng/CON/brownfield-site-BR2
brownfield-site:BR4,Forge Industrial Park North Roskear Camborne TR14 0AW,BR4,local-authority-eng:CON,,"MULTIPOLYGON (((-5.289345 50.223996,-5.289355 50.224150,-5.289290 50.224167,-5.289146 50.224189,-5.288915 50.224146,-5.288889 50.224207,-5.288836 50.224237,-5.288285 50.224351,-5.288190 50.224333,-5.288138 50.224261,-5.288145 50.224193,-5.288690 50.223635,-5.289252 50.223579,-5.289345 50.223996)))",2021-01-20,,,/brownfield-site/local-authority-eng/CON/brownfield-site-BR4
brownfield-site:BR5,Land at North Roskear Road Camborne TR14 8PR,BR5,local-authority-eng:CON,,"MULTIPOLYGON (((-5.286304 50.221632,-5.286368 50.221614,-5.286427 50.221648,-5.286579 50.221890,-5.286669 50.222150,-5.286557 50.222814,-5.286509 50.222844,-5.286346 50.222857,-5.286294 50.222823,-5.286309 50.222517,-5.286236 50.222358,-5.286002 50.222326,-5.285894 50.222259,-5.285781 50.222250,-5.285599 50.222137,-5.286304 50.221632)))",2021-01-20,,,/brownfield-site/local-authority-eng/CON/brownfield-site-BR5
brownfield-site:BR14,Site Adj To Tuckingmill Apartments Maynes Row Tuckingmill TR14 8QP,BR14,local-authority-eng:CON,,"MULTIPOLYGON (((-5.280291 50.223749,-5.280058 50.223523,-5.280352 50.223452,-5.280424 50.223487,-5.280566 50.223736,-5.280620 50.223723,-5.280658 50.223791,-5.280452 50.223901,-5.280291 50.223749)))",2021-01-20,,,/brownfield-site/local-authority-eng/CON/brownfield-site-BR14
brownfield-site:BR16,The Garden Sports and Leisure Club 10 Antony Road Torpoint PL11 2JW,BR16,local-authority-eng:CON,,"MULTIPOLYGON (((-4.198039 50.376720,-4.198022 50.376610,-4.198431 50.376638,-4.198395 50.377018,-4.198054 50.376995,-4.198039 50.376720)))",2021-01-20,,,/brownfield-site/local-authority-eng/CON/brownfield-site-BR16
brownfield-site:BR17,The Harbour Lights 1 Fore Street Torpoint PL11 2AA,BR17,local-authority-eng:CON,,"MULTIPOLYGON (((-4.196350 50.376714,-4.196433 50.376612,-4.196378 50.376592,-4.196481 50.376479,-4.196712 50.376541,-4.196682 50.376685,-4.196586 50.376656,-4.196485 50.376765,-4.196350 50.376714)))",2021-01-20,,,/brownfield-site/local-authority-eng/CON/brownfield-site-BR17
brownfield-site:BR18,St Michaels Hotel And Spa 7 Stracey Road Falmouth TR11 4NB,BR18,local-authority-eng:CON,,"MULTIPOLYGON (((-5.069878 50.146135,-5.069824 50.146236,-5.069720 50.146274,-5.068339 50.146413,-5.068277 50.146025,-5.067875 50.146055,-5.067701 50.145018,-5.068116 50.144957,-5.068439 50.144980,-5.068748 50.145027,-5.069591 50.145242,-5.069570 50.145475,-5.069711 50.145599,-5.069800 50.145728,-5.069878 50.146135)))",2021-01-20,,,/brownfield-site/local-authority-eng/CON/brownfield-site-BR18
brownfield-site:BR20,Parc An Creet Garage Higher Stennack St Ives TR26 2HE,BR20,local-authority-eng:CON,,"MULTIPOLYGON (((-5.492727 50.207174,-5.492885 50.207089,-5.492893 50.207118,-5.493344 50.206861,-5.493649 50.207031,-5.492804 50.207495,-5.492748 50.207458,-5.492975 50.207329,-5.492727 50.207174)))",2021-01-20,,,/brownfield-site/local-authority-eng/CON/brownfield-site-BR20
brownfield-site:BR21,Orchard Walls Trewidden Road St Ives TR26 2BX,BR21,local-authority-eng:CON,,"MULTIPOLYGON (((-5.481409 50.209013,-5.481530 50.208959,-5.481719 50.209100,-5.481275 50.209388,-5.481006 50.209194,-5.481409 50.209013)))",2021-01-20,,,/brownfield-site/local-authority-eng/CON/brownfield-site-BR21
brownfield-site:BR22,Tenerife Tregay Lane Liskeard PL14 6RG,BR22,local-authority-eng:CON,,"MULTIPOLYGON (((-4.458604 50.462337,-4.458684 50.462211,-4.459957 50.462234,-4.459792 50.462565,-4.459614 50.462810,-4.459236 50.462703,-4.458549 50.462407,-4.458604 50.462337)))",2021-01-20,,,/brownfield-site/local-authority-eng/CON/brownfield-site-BR22
brownfield-site:BR24,Land East Of Narrowcliff Surgery To Rear Of Whitewater Hilgrove Road Newquay TR7 2RZ,BR24,local-authority-eng:CON,,"MULTIPOLYGON (((-5.066929 50.418470,-5.067041 50.418068,-5.067854 50.417964,-5.068601 50.417794,-5.068848 50.418046,-5.068965 50.418098,-5.069548 50.417879,-5.069809 50.418156,-5.069170 50.418403,-5.068963 50.418175,-5.068793 50.418105,-5.067711 50.418359,-5.066929 50.418470)))",2021-01-20,,,/brownfield-site/local-authority-eng/CON/brownfield-site-BR24
brownfield-site:BR25,8 Bank Street St Columb TR9 6AU,BR25,local-authority-eng:CON,,"MULTIPOLYGON (((-4.939380 50.435969,-4.939415 50.435835,-4.939633 50.435880,-4.939605 50.435958,-4.939570 50.435972,-4.939589 50.436002,-4.939380 50.435969)))",2021-01-20,,,/brownfield-site/local-authority-eng/CON/brownfield-site-BR25
brownfield-site:BR29,Accommodation Hop & Vine Steak & Ale House 3 Market Street St Austell PL25 4BB,BR29,local-authority-eng:CON,,"MULTIPOLYGON (((-4.791961 50.338710,-4.792118 50.338651,-4.792287 50.338775,-4.792242 50.338792,-4.792272 50.338896,-4.792146 50.338907,-4.791961 50.338710)))",2021-01-20,,,/brownfield-site/local-authority-eng/CON/brownfield-site-BR29
brownfield-site:BR33,3 St. Nicholas Street Bodmin Cornwall PL31 1AB,BR33,local-authority-eng:CON,,"MULTIPOLYGON (((-4.718725 50.469731,-4.718845 50.469710,-4.718893 50.469724,-4.718800 50.469848,-4.718675 50.469862,-4.718628 50.469738,-4.718725 50.469731)))",2021-01-20,,,/brownfield-site/local-authority-eng/CON/brownfield-site-BR33
brownfield-site:BR34,Former Bus Garage & Depository Buildings Lansdown Road Bude Cornwall EX23 8BN,BR34,local-authority-eng:CON,,"MULTIPOLYGON (((-4.542794 50.830248,-4.542916 50.830236,-4.543239 50.830602,-4.542745 50.830760,-4.542479 50.830310,-4.542794 50.830248)))",2021-01-20,,,/brownfield-site/local-authority-eng/CON/brownfield-site-BR34
brownfield-site:BR35,North Cornwall Motorcycles Hospital Road Stratton Bude EX23 9BP,BR35,local-authority-eng:CON,,"MULTIPOLYGON (((-4.516258 50.830686,-4.516591 50.830634,-4.516685 50.830643,-4.516738 50.830701,-4.516219 50.830879,-4.516103 50.830727,-4.516258 50.830686)))",2021-01-20,,,/brownfield-site/local-authority-eng/CON/brownfield-site-BR35
brownfield-site:BR36,Western Power Distribution Kings Hill Close Bude Cornwall EX23 8PQ,BR36,local-authority-eng:CON,,"MULTIPOLYGON (((-4.541503 50.822204,-4.541820 50.822162,-4.541877 50.822509,-4.541963 50.822712,-4.541648 50.822802,-4.541616 50.822892,-4.541642 50.822945,-4.541569 50.822985,-4.541534 50.823117,-4.541474 50.823050,-4.541548 50.822861,-4.541583 50.822643,-4.541503 50.822204)))",2021-01-20,,,/brownfield-site/local-authority-eng/CON/brownfield-site-BR36
brownfield-site:BR37,Land SW Of Westland Countryside Stewards Kilkhampton Bude Cornwall,BR37,local-authority-eng:CON,,"MULTIPOLYGON (((-4.487890 50.875182,-4.487955 50.874929,-4.488248 50.874943,-4.488064 50.874322,-4.488139 50.874291,-4.488066 50.874100,-4.488526 50.874057,-4.488672 50.874461,-4.488975 50.874421,-4.488983 50.874446,-4.489048 50.874438,-4.489105 50.874621,-4.489209 50.874682,-4.489663 50.875166,-4.489654 50.875190,-4.489375 50.875139,-4.488987 50.875151,-4.488981 50.875213,-4.488608 50.875208,-4.488611 50.875167,-4.488513 50.875166,-4.488388 50.875214,-4.487870 50.875285,-4.487890 50.875182)))",2021-01-20,,,/brownfield-site/local-authority-eng/CON/brownfield-site-BR37
brownfield-site:BR38,Land South of Bullers Arms The Village Marhamchurch Bude Cornwall,BR38,local-authority-eng:CON,,"MULTIPOLYGON (((-4.520982 50.805269,-4.520941 50.805217,-4.520523 50.805264,-4.520512 50.805161,-4.520561 50.805057,-4.520831 50.804887,-4.521107 50.804881,-4.521129 50.805257,-4.520982 50.805269)))",2021-01-20,,,/brownfield-site/local-authority-eng/CON/brownfield-site-BR38
brownfield-site:BR39,Goldring Yates 16 Chapel Street Camborne Cornwall TR14 8ED,BR39,local-authority-eng:CON,,"MULTIPOLYGON (((-5.299283 50.213029,-5.299314 50.212941,-5.299466 50.212964,-5.299435 50.213051,-5.299283 50.213029)))",2021-01-20,,,/brownfield-site/local-authority-eng/CON/brownfield-site-BR39
brownfield-site:BR42,12 Gas Street/rear Of 16 Trelowarren Street Camborne Cornwall TR14 8JJ,BR42,local-authority-eng:CON,,"MULTIPOLYGON (((-5.298205 50.213991,-5.298196 50.213941,-5.298124 50.213948,-5.298062 50.213648,-5.298332 50.213652,-5.298389 50.213868,-5.298242 50.213881,-5.298241 50.213988,-5.298205 50.213991)))",2021-01-20,,,/brownfield-site/local-authority-eng/CON/brownfield-site-BR42
brownfield-site:BR43,Old Blacksmiths Yard Higher Condurrow Condurrow Camborne Cornwall TR14 9AL,BR43,local-authority-eng:CON,,"MULTIPOLYGON (((-5.279142 50.206867,-5.279561 50.206864,-5.279646 50.206934,-5.279699 50.207086,-5.279630 50.207173,-5.279111 50.207140,-5.279142 50.206867)))",2021-01-20,,,/brownfield-site/local-authority-eng/CON/brownfield-site-BR43
brownfield-site:BR44,Pendeen Barncoose Terrace Illogan Highway Cornwall TR15 3EZ,BR44,local-authority-eng:CON,,"MULTIPOLYGON (((-5.250670 50.230086,-5.250772 50.230105,-5.250862 50.230221,-5.250896 50.230654,-5.250595 50.230670,-5.250392 50.230168,-5.250670 50.230086)))",2021-01-20,,,/brownfield-site/local-authority-eng/CON/brownfield-site-BR44
brownfield-site:BR45,Land Rear Of Basset Arms Fore Street Pool Cornwall TR15 3DY,BR45,local-authority-eng:CON,,"MULTIPOLYGON (((-5.269634 50.226934,-5.269415 50.226924,-5.269386 50.226811,-5.269945 50.226685,-5.270012 50.226849,-5.270107 50.226835,-5.270144 50.226934,-5.269818 50.226971,-5.269866 50.227153,-5.269806 50.227160,-5.269737 50.226985,-5.269634 50.226934)))",2021-01-20,,,/brownfield-site/local-authority-eng/CON/brownfield-site-BR45
brownfield-site:BR46,12 Fore Street Redruth Cornwall TR15 2AZ,BR46,local-authority-eng:CON,,"MULTIPOLYGON (((-5.229405 50.233473,-5.229358 50.233413,-5.229281 50.233439,-5.229025 50.233067,-5.229113 50.233048,-5.229365 50.233385,-5.229461 50.233363,-5.229519 50.233441,-5.229405 50.233473)))",2021-01-20,,,/brownfield-site/local-authority-eng/CON/brownfield-site-BR46
brownfield-site:BR50,Snowden Rudd Ltd 70 Penpol Terrace Hayle Cornwall TR27 4BH,BR50,local-authority-eng:CON,,"MULTIPOLYGON (((-5.422264 50.187726,-5.422264 50.187723,-5.422067 50.187745,-5.421897 50.187486,-5.422055 50.187459,-5.422444 50.187585,-5.422387 50.187683,-5.422401 50.187921,-5.422320 50.187933,-5.422322 50.187829,-5.422264 50.187726)))",2021-01-20,,,/brownfield-site/local-authority-eng/CON/brownfield-site-BR50
brownfield-site:BR52,Double S Service Station Main Road Ashton Helston Cornwall TR13 9SR,BR52,local-authority-eng:CON,,"MULTIPOLYGON (((-5.354766 50.108731,-5.354538 50.108683,-5.353986 50.108575,-5.354162 50.108546,-5.354289 50.108315,-5.354815 50.108416,-5.354694 50.108612,-5.354822 50.108641,-5.354766 50.108731)))",2021-01-20,,,/brownfield-site/local-authority-eng/CON/brownfield-site-BR52
brownfield-site:BR53,Castle Street Chapel and Former Sunday School Castle Street Launceston Cornwall,BR53,local-authority-eng:CON,,"MULTIPOLYGON (((-4.361358 50.638985,-4.361614 50.638715,-4.361735 50.638751,-4.361709 50.638791,-4.361739 50.638829,-4.361504 50.639043,-4.361358 50.638985)))",2021-01-20,,,/brownfield-site/local-authority-eng/CON/brownfield-site-BR53
brownfield-site:BR57,10 Edgcumbe Avenue Newquay Cornwall TR7 2NH,BR57,local-authority-eng:CON,,"MULTIPOLYGON (((-5.074139 50.415673,-5.074207 50.415639,-5.074264 50.415682,-5.073997 50.415820,-5.073939 50.415775,-5.074139 50.415673)))",2021-01-20,,,/brownfield-site/local-authority-eng/CON/brownfield-site-BR57
brownfield-site:BR58,Alexandra Nursing Home 11 Alexandra Road Newquay Cornwall TR7 3ND,BR58,local-authority-eng:CON,,"MULTIPOLYGON (((-5.053911 50.423855,-5.053791 50.423895,-5.053729 50.423830,-5.053046 50.423471,-5.053153 50.423424,-5.053156 50.423460,-5.053557 50.423690,-5.053936 50.423512,-5.054782 50.423959,-5.054972 50.423984,-5.054613 50.424235,-5.053911 50.423855)))",2021-01-20,,,/brownfield-site/local-authority-eng/CON/brownfield-site-BR58
brownfield-site:BR60,25 And 25A Porth Way Newquay Cornwall TR7 3LW,BR60,local-authority-eng:CON,,"MULTIPOLYGON (((-5.056818 50.421759,-5.056546 50.421703,-5.056184 50.421693,-5.055907 50.421615,-5.055968 50.421534,-5.055840 50.421502,-5.055855 50.421429,-5.055770 50.421273,-5.056443 50.421283,-5.056438 50.421368,-5.056345 50.421367,-5.056449 50.421529,-5.056615 50.421623,-5.056844 50.421687,-5.056871 50.421739,-5.056954 50.421749,-5.056934 50.421791,-5.056818 50.421759)))",2021-01-20,,,/brownfield-site/local-authority-eng/CON/brownfield-site-BR60
brownfield-site:BR61,South Shaft Mine Buildings Castle-An-Dinas St Columb Cornwall,BR61,local-authority-eng:CON,,"MULTIPOLYGON (((-4.894614 50.422159,-4.894565 50.422316,-4.894305 50.422342,-4.894293 50.422524,-4.894198 50.422694,-4.893674 50.422632,-4.893714 50.422478,-4.893393 50.422438,-4.893413 50.422399,-4.893307 50.422361,-4.893360 50.422269,-4.893272 50.422236,-4.893237 50.422103,-4.893453 50.422111,-4.893461 50.421840,-4.893159 50.421777,-4.892706 50.419511,-4.892700 50.419127,-4.892819 50.419114,-4.892784 50.419193,-4.892777 50.419488,-4.893012 50.420734,-4.893533 50.421565,-4.893540 50.422115,-4.894008 50.422132,-4.894013 50.422098,-4.894474 50.422090,-4.896548 50.422201,-4.899214 50.422453,-4.903184 50.423232,-4.904235 50.423121,-4.904708 50.422764,-4.905292 50.422676,-4.906389 50.422307,-4.906417 50.422324,-4.905312 50.422694,-4.904724 50.422783,-4.904249 50.423144,-4.903191 50.423253,-4.899197 50.422472,-4.896549 50.422225,-4.894478 50.422112,-4.894082 50.422114,-4.894075 50.422134,-4.894614 50.422159)))",2021-01-20,,,/brownfield-site/local-authority-eng/CON/brownfield-site-BR61
brownfield-site:BR63,Cliffside Hotel Cliff Road Perranporth Cornwall TR6 0DR,BR63,local-authority-eng:CON,,"MULTIPOLYGON (((-5.156723 50.346315,-5.156792 50.346316,-5.156723 50.346385,-5.156930 50.346460,-5.156750 50.346720,-5.156613 50.346690,-5.156415 50.346592,-5.156723 50.346315)))",2021-01-20,,,/brownfield-site/local-authority-eng/CON/brownfield-site-BR63
brownfield-site:BR65,Tall Trees (The Hollies) Church Lane Mevagissey St Austell Cornwall PL26 6SX,BR65,local-authority-eng:CON,,"MULTIPOLYGON (((-4.789783 50.272786,-4.789657 50.272657,-4.789588 50.272453,-4.790026 50.272254,-4.790237 50.272634,-4.790111 50.272671,-4.789939 50.272875,-4.789783 50.272786)))",2021-01-20,,,/brownfield-site/local-authority-eng/CON/brownfield-site-BR65
brownfield-site:BR67,18 Lemon Street Truro Cornwall TR1 2LS,BR67,local-authority-eng:CON,,"MULTIPOLYGON (((-5.050889 50.261856,-5.050991 50.261768,-5.051143 50.261840,-5.051035 50.261927,-5.050889 50.261856)))",2021-01-20,,,/brownfield-site/local-authority-eng/CON/brownfield-site-BR67
brownfield-site:BR69,PZ360 St Marys Terrace Penzance Cornwall TR18 4DZ,BR69,local-authority-eng:CON,,"MULTIPOLYGON (((-5.537210 50.117144,-5.537247 50.117131,-5.537497 50.117431,-5.537264 50.117534,-5.536981 50.117224,-5.537210 50.117144)))",2021-01-20,,,/brownfield-site/local-authority-eng/CON/brownfield-site-BR69
brownfield-site:BR70,South Crofty Mine Dudnance Lane Pool Redruth Cornwall TR15 3QT,BR70,local-authority-eng:CON,,"MULTIPOLYGON (((-5.280299 50.221961,-5.279636 50.222185,-5.279641 50.222279,-5.279747 50.222451,-5.279331 50.222648,-5.279284 50.222593,-5.279152 50.222654,-5.279193 50.222705,-5.279136 50.222724,-5.279154 50.222781,-5.278691 50.222975,-5.278657 50.222940,-5.278608 50.222957,-5.278705 50.223048,-5.278629 50.223039,-5.278631 50.223071,-5.278417 50.223169,-5.278342 50.223364,-5.278142 50.223559,-5.277230 50.223826,-5.277192 50.223834,-5.276273 50.222962,-5.277112 50.222547,-5.277384 50.222369,-5.277476 50.222485,-5.278349 50.222300,-5.278834 50.222077,-5.278906 50.222170,-5.279075 50.222143,-5.279155 50.222043,-5.279176 50.221930,-5.279280 50.221936,-5.279442 50.222076,-5.279602 50.222118,-5.280265 50.221923,-5.280299 50.221961)))",2021-01-20,,,/brownfield-site/local-authority-eng/CON/brownfield-site-BR70
brownfield-site:BR80,Land At Rear Of 1 Fore Street Torpoint Cornwall PL11 2AA,BR80,local-authority-eng:CON,,"MULTIPOLYGON (((-4.196237 50.376742,-4.196378 50.376592,-4.196686 50.376678,-4.196732 50.376542,-4.196674 50.376895,-4.196173 50.376811,-4.196237 50.376742)))",2021-01-20,,,/brownfield-site/local-authority-eng/CON/brownfield-site-BR80
brownfield-site:BR84,Land South Of Chy-An-Porth The Terrace St Ives,BR84,local-authority-eng:CON,,"MULTIPOLYGON (((-5.478536 50.208697,-5.478514 50.208368,-5.478798 50.208346,-5.478821 50.208597,-5.478610 50.208602,-5.478586 50.208696,-5.478536 50.208697)))",2021-01-20,,,/brownfield-site/local-authority-eng/CON/brownfield-site-BR84
brownfield-site:BR86,Chy An Albany Hotel Albany Terrace St. Ives Cornwall TR26 2BS,BR86,local-authority-eng:CON,,"MULTIPOLYGON (((-5.479298 50.207136,-5.479852 50.207030,-5.479860 50.207104,-5.479973 50.207235,-5.478646 50.207512,-5.478357 50.207630,-5.478279 50.207513,-5.479093 50.207186,-5.479298 50.207136)))",2021-01-20,,,/brownfield-site/local-authority-eng/CON/brownfield-site-BR86
brownfield-site:BR87,Land North Of Tolcarne Mews Tregoss Road Newquay Cornwall TR7 2NR,BR87,local-authority-eng:CON,,"MULTIPOLYGON (((-5.073105 50.414472,-5.073331 50.414372,-5.073456 50.414388,-5.073716 50.414265,-5.073838 50.414436,-5.073633 50.414488,-5.073683 50.414530,-5.073371 50.414684,-5.073105 50.414472)))",2021-01-20,,,/brownfield-site/local-authority-eng/CON/brownfield-site-BR87
brownfield-site:BR89,Carlyon Bay St Austell Cornwall PL25 3RG,BR89,local-authority-eng:CON,,"MULTIPOLYGON (((-4.737411 50.337468,-4.738251 50.337531,-4.738237 50.337573,-4.738027 50.337548,-4.738005 50.337641,-4.737256 50.337564,-4.737265 50.337518,-4.737069 50.337502,-4.736009 50.337608,-4.736012 50.337540,-4.735526 50.337713,-4.735357 50.337744,-4.734797 50.337767,-4.734797 50.337731,-4.734562 50.337733,-4.734511 50.337773,-4.734144 50.337852,-4.733742 50.338067,-4.733111 50.338218,-4.732771 50.338222,-4.732511 50.338263,-4.731286 50.338625,-4.731132 50.338702,-4.731044 50.338688,-4.730847 50.338557,-4.730145 50.338508,-4.730001 50.338444,-4.729831 50.338301,-4.729633 50.338220,-4.729164 50.338129,-4.728431 50.338102,-4.728488 50.338190,-4.727600 50.338280,-4.727391 50.338363,-4.727273 50.338377,-4.727050 50.338545,-4.726828 50.338647,-4.726600 50.338896,-4.726507 50.338955,-4.725870 50.339156,-4.725516 50.339150,-4.725207 50.339175,-4.725182 50.339202,-4.724382 50.339111,-4.722839 50.339104,-4.722447 50.339082,-4.722274 50.339033,-4.722040 50.339043,-4.721974 50.339093,-4.721793 50.339148,-4.721533 50.339350,-4.721494 50.339478,-4.721353 50.339497,-4.721264 50.339445,-4.721196 50.339453,-4.720503 50.339630,-4.719994 50.339546,-4.719501 50.339379,-4.719234 50.339360,-4.719035 50.339156,-4.719008 50.338720,-4.718830 50.338726,-4.718903 50.338848,-4.718819 50.338962,-4.718692 50.338995,-4.718513 50.338971,-4.718433 50.338902,-4.718368 50.338717,-4.718221 50.338570,-4.718208 50.338326,-4.718056 50.338324,-4.717849 50.338262,-4.717824 50.338192,-4.717874 50.338071,-4.717833 50.338029,-4.717729 50.338062,-4.717698 50.338149,-4.717552 50.338163,-4.717583 50.338065,-4.717557 50.337983,-4.717575 50.337881,-4.717655 50.337829,-4.717804 50.337843,-4.717932 50.337922,-4.718049 50.338052,-4.718051 50.338153,-4.718137 50.338146,-4.718264 50.338076,-4.718323 50.338124,-4.718377 50.338302,-4.718609 50.338333,-4.722406 50.337799,-4.726432 50.337289,-4.727816 50.337033,-4.728534 50.336969,-4.730204 50.336711,-4.732408 50.336421,-4.733397 50.336242,-4.733314 50.336199,-4.733352 50.336165,-4.733582 50.336143,-4.733677 50.336171,-4.735381 50.335768,-4.735714 50.335728,-4.735747 50.335702,-4.735769 50.335553,-4.735829 50.335570,-4.735840 50.335623,-4.735883 50.335637,-4.736277 50.335509,-4.736238 50.335592,-4.736085 50.335671,-4.735841 50.336065,-4.735589 50.336146,-4.735386 50.336341,-4.735218 50.336454,-4.735888 50.336701,-4.736317 50.336936,-4.736510 50.337064,-4.736866 50.337410,-4.737411 50.337468)))",2021-01-20,,,/brownfield-site/local-authority-eng/CON/brownfield-site-BR89
brownfield-site:BR90,Western National Ltd Eliot Road St Austell Cornwall PL25 4NL,BR90,local-authority-eng:CON,,"MULTIPOLYGON (((-4.778783 50.339480,-4.778686 50.339370,-4.778404 50.339444,-4.778273 50.339055,-4.779827 50.338852,-4.780072 50.338860,-4.780046 50.338906,-4.780129 50.338932,-4.780090 50.338990,-4.780130 50.339013,-4.779988 50.339298,-4.780089 50.339308,-4.780038 50.339385,-4.778830 50.339523,-4.778783 50.339480)))",2021-01-20,,,/brownfield-site/local-authority-eng/CON/brownfield-site-BR90
brownfield-site:BR97,8 Tower Street Launceston Cornwall PL15 8BQ,BR97,local-authority-eng:CON,,"MULTIPOLYGON (((-4.360248 50.638265,-4.360037 50.638345,-4.359965 50.638343,-4.359865 50.638278,-4.360050 50.638152,-4.360217 50.638187,-4.360248 50.638265)))",2021-01-20,,,/brownfield-site/local-authority-eng/CON/brownfield-site-BR97
brownfield-site:BR102,Xenia Union Street Truro Cornwall TR1 2BB,BR102,local-authority-eng:CON,,"MULTIPOLYGON (((-5.055037 50.264740,-5.054920 50.264702,-5.054839 50.264724,-5.054817 50.264695,-5.054668 50.264699,-5.054908 50.264598,-5.055042 50.264516,-5.055087 50.264443,-5.055154 50.264492,-5.055178 50.264673,-5.055037 50.264740)))",2021-01-20,,,/brownfield-site/local-authority-eng/CON/brownfield-site-BR102
brownfield-site:BR108,61 - 62 Chapel Street Penzance Cornwall TR18 4AE,BR108,local-authority-eng:CON,,"MULTIPOLYGON (((-5.536013 50.118132,-5.535963 50.118102,-5.536050 50.118033,-5.536017 50.118018,-5.536113 50.117931,-5.536281 50.118007,-5.536063 50.118160,-5.536013 50.118132)))",2021-01-20,,,/brownfield-site/local-authority-eng/CON/brownfield-site-BR108
brownfield-site:BR109,Land At Tuckingmill/Church View Farm Camborne Cornwall,BR109,local-authority-eng:CON,,"MULTIPOLYGON (((-5.279209 50.220416,-5.279230 50.220062,-5.279330 50.219389,-5.279309 50.218929,-5.279155 50.218308,-5.279167 50.218133,-5.279779 50.217801,-5.279953 50.217964,-5.280018 50.217963,-5.280103 50.218523,-5.280350 50.219116,-5.280576 50.219208,-5.281342 50.219122,-5.281135 50.218518,-5.281506 50.218387,-5.281538 50.218351,-5.281523 50.218315,-5.281722 50.218275,-5.282418 50.218238,-5.282450 50.218287,-5.282458 50.218446,-5.282450 50.218287,-5.282528 50.218271,-5.282687 50.218275,-5.282716 50.218274,-5.282791 50.218264,-5.282806 50.218261,-5.282711 50.218274,-5.282691 50.217982,-5.282568 50.217822,-5.282481 50.217807,-5.282477 50.217632,-5.282437 50.217538,-5.282497 50.217405,-5.282494 50.217325,-5.282566 50.217310,-5.282676 50.217305,-5.282857 50.217360,-5.283010 50.217477,-5.283063 50.217552,-5.283084 50.217676,-5.283040 50.217730,-5.282978 50.217742,-5.283047 50.217730,-5.283066 50.217778,-5.283131 50.217788,-5.283153 50.217906,-5.283101 50.218330,-5.283002 50.218565,-5.282839 50.218732,-5.282717 50.218925,-5.282391 50.219169,-5.282252 50.219191,-5.282404 50.219253,-5.282181 50.219370,-5.282100 50.219236,-5.282041 50.219256,-5.282059 50.219316,-5.280725 50.219864,-5.280220 50.220176,-5.279887 50.220319,-5.279720 50.220351,-5.279481 50.220348,-5.279209 50.220416),(-5.281387 50.219212,-5.281384 50.219208,-5.281387 50.219212,-5.281387 50.219212),(-5.282469 50.218665,-5.282469 50.218664,-5.282469 50.218665,-5.282469 50.218665)),((-5.280168 50.221616,-5.279780 50.221227,-5.280275 50.221037,-5.280279 50.220723,-5.280234 50.220563,-5.280365 50.220441,-5.280576 50.220280,-5.281519 50.219925,-5.281580 50.219868,-5.281525 50.219885,-5.281336 50.219838,-5.281674 50.219716,-5.281709 50.219738,-5.281669 50.219780,-5.281674 50.219821,-5.281731 50.219868,-5.282213 50.219707,-5.282293 50.219728,-5.282325 50.220165,-5.282146 50.220382,-5.282076 50.220389,-5.282146 50.220690,-5.281960 50.220926,-5.281718 50.220848,-5.281769 50.220769,-5.281703 50.220753,-5.281587 50.220897,-5.281345 50.220820,-5.280991 50.221333,-5.280933 50.221367,-5.280948 50.221444,-5.280683 50.221508,-5.280694 50.221532,-5.280250 50.221705,-5.280168 50.221616)))",2021-01-20,,,/brownfield-site/local-authority-eng/CON/brownfield-site-BR109
brownfield-site:BR110,South Quay Hayle Harbour Hayle Cornwall TR27 4BL,BR110,local-authority-eng:CON,,"MULTIPOLYGON (((-5.423682 50.186489,-5.423602 50.186365,-5.424012 50.186385,-5.424235 50.186325,-5.424282 50.186273,-5.424358 50.186588,-5.423798 50.186659,-5.423682 50.186489)))",2021-01-20,,,/brownfield-site/local-authority-eng/CON/brownfield-site-BR110
brownfield-site:BR111,Trevarthan Bungalow & The Sawmill Grumbla Sancreed St Just Penzance Cornwall,BR111,local-authority-eng:CON,,"MULTIPOLYGON (((-5.632033 50.110253,-5.631831 50.110443,-5.631975 50.110504,-5.631904 50.110597,-5.630646 50.110193,-5.630850 50.109856,-5.630897 50.109825,-5.631267 50.109916,-5.631525 50.110026,-5.631550 50.109980,-5.631907 50.110094,-5.631928 50.110198,-5.632033 50.110253)))",2021-01-20,,,/brownfield-site/local-authority-eng/CON/brownfield-site-BR111
brownfield-site:BR112,The Old Sail Lofts Bethesda Hill St Ives Cornwall,BR112,local-authority-eng:CON,,"MULTIPOLYGON (((-5.477768 50.215498,-5.477812 50.215487,-5.477865 50.215555,-5.477645 50.215623,-5.477638 50.215572,-5.477789 50.215528,-5.477768 50.215498)))",2021-01-20,,,/brownfield-site/local-authority-eng/CON/brownfield-site-BR112
brownfield-site:BR113,The Former Site Of Tregolls House Tregolls Road Truro TR1 1PX,BR113,local-authority-eng:CON,,"MULTIPOLYGON (((-5.045011 50.264173,-5.044854 50.264279,-5.044745 50.264300,-5.044737 50.264337,-5.044521 50.264338,-5.044420 50.264371,-5.044338 50.264455,-5.044364 50.264469,-5.044026 50.264690,-5.043672 50.265014,-5.043115 50.264897,-5.041939 50.264902,-5.041412 50.264860,-5.041302 50.264465,-5.041260 50.264458,-5.041197 50.264051,-5.041011 50.263317,-5.041138 50.263247,-5.040978 50.262682,-5.040987 50.262531,-5.043022 50.262883,-5.044672 50.263374,-5.044552 50.263663,-5.044379 50.263918,-5.044363 50.264026,-5.044775 50.264031,-5.045011 50.264173),(-5.042347 50.264696,-5.042439 50.264596,-5.042342 50.264554,-5.042354 50.264482,-5.042323 50.264432,-5.042259 50.264395,-5.042028 50.264395,-5.042049 50.264580,-5.042347 50.264696)))",2021-01-20,,,/brownfield-site/local-authority-eng/CON/brownfield-site-BR113
brownfield-site:BR114,Taylors Garage Site Coinagehall Street Penzance,BR114,local-authority-eng:CON,,"MULTIPOLYGON (((-5.531992 50.116226,-5.531896 50.116232,-5.531670 50.116166,-5.531748 50.116038,-5.531646 50.116004,-5.531712 50.115910,-5.531492 50.115858,-5.531464 50.115947,-5.531424 50.115938,-5.531368 50.116042,-5.531255 50.116021,-5.531231 50.116074,-5.531063 50.116049,-5.531223 50.115727,-5.531473 50.115700,-5.531760 50.115725,-5.532135 50.115879,-5.532367 50.116014,-5.532174 50.116307,-5.531992 50.116226)))",2021-01-20,,,/brownfield-site/local-authority-eng/CON/brownfield-site-BR114
brownfield-site:BR115,W Harvey & Sons The Coombe Newlyn Penzance Cornwall TR18 5HF,BR115,local-authority-eng:CON,,"MULTIPOLYGON (((-5.552575 50.107509,-5.552079 50.107254,-5.552185 50.107173,-5.552687 50.107431,-5.552575 50.107509)))",2021-01-20,,,/brownfield-site/local-authority-eng/CON/brownfield-site-BR115
brownfield-site:BR116,Land At Whites Farm North Country RedruthTR16 4BZ,BR116,local-authority-eng:CON,,"MULTIPOLYGON (((-5.232419 50.251214,-5.232655 50.251121,-5.232788 50.251103,-5.232762 50.251279,-5.232657 50.251203,-5.232543 50.251225,-5.231341 50.251754,-5.231562 50.252106,-5.231573 50.252207,-5.231186 50.252445,-5.231029 50.252170,-5.230841 50.251970,-5.231200 50.251814,-5.231197 50.251759,-5.232419 50.251214)))",2021-01-20,,,/brownfield-site/local-authority-eng/CON/brownfield-site-BR116
brownfield-site:BR117,Penalverne Surgery Penalverne Drive PenzanceTR18 2RE,BR117,local-authority-eng:CON,,"MULTIPOLYGON (((-5.541052 50.118611,-5.540986 50.118474,-5.541066 50.118457,-5.541050 50.118427,-5.541164 50.118403,-5.541203 50.118483,-5.541360 50.118451,-5.541267 50.118261,-5.541326 50.118251,-5.541391 50.118405,-5.541457 50.118391,-5.541496 50.118492,-5.541310 50.118525,-5.541327 50.118564,-5.541052 50.118611)))",2021-01-20,,,/brownfield-site/local-authority-eng/CON/brownfield-site-BR117
brownfield-site:BR118,The Penarvor 15 Crooklets Flexbury,BR118,local-authority-eng:CON,,"MULTIPOLYGON (((-4.552774 50.836961,-4.552713 50.836664,-4.552520 50.836732,-4.552441 50.836664,-4.552862 50.836507,-4.553034 50.836469,-4.553124 50.836490,-4.553145 50.836910,-4.552774 50.836961)))",2021-01-20,,,/brownfield-site/local-authority-eng/CON/brownfield-site-BR118
brownfield-site:BR119,Whitstone Head School Whitstone Holsworthy,BR119,local-authority-eng:CON,,"MULTIPOLYGON (((-4.467785 50.762329,-4.467680 50.762024,-4.467624 50.762029,-4.467583 50.761911,-4.467626 50.761900,-4.467587 50.761812,-4.467493 50.761705,-4.467414 50.761733,-4.467297 50.761602,-4.467818 50.761442,-4.468068 50.761728,-4.468079 50.761782,-4.467715 50.761897,-4.467841 50.762340,-4.467885 50.762375,-4.467734 50.762383,-4.467785 50.762329)))",2021-01-20,,,/brownfield-site/local-authority-eng/CON/brownfield-site-BR119
brownfield-site:BR120,Troon Cricket Club Laity RoadTroon Cornwall TR14 9EL,BR120,local-authority-eng:CON,,"MULTIPOLYGON (((-5.278732 50.194215,-5.278676 50.194215,-5.278555 50.194009,-5.278598 50.193985,-5.278658 50.194094,-5.278883 50.194117,-5.278997 50.194260,-5.280060 50.194258,-5.279405 50.194641,-5.279227 50.194585,-5.278732 50.194215)))",2021-01-20,,,/brownfield-site/local-authority-eng/CON/brownfield-site-BR120
brownfield-site:BR121,Land West Of Priestacott ParkPenstowe RoadKilkhamptonEX23 9QT,BR121,local-authority-eng:CON,,"MULTIPOLYGON (((-4.488506 50.872400,-4.488924 50.872386,-4.489322 50.872454,-4.489662 50.872563,-4.489921 50.872760,-4.489187 50.873188,-4.489201 50.873358,-4.489108 50.873369,-4.489112 50.873188,-4.488914 50.872909,-4.488807 50.872846,-4.488506 50.872400)))",2021-01-20,,,/brownfield-site/local-authority-eng/CON/brownfield-site-BR121
brownfield-site:BR122,Land To East Of Duporth FarmManor Farm RoadDuporthSt Austell,BR122,local-authority-eng:CON,,"MULTIPOLYGON (((-4.765586 50.329103,-4.764568 50.328829,-4.764166 50.328872,-4.764040 50.328785,-4.764586 50.328364,-4.764777 50.328321,-4.764907 50.328370,-4.764998 50.328343,-4.765470 50.328376,-4.766177 50.328565,-4.766181 50.328600,-4.766115 50.328586,-4.766092 50.328623,-4.766160 50.328640,-4.765943 50.329048,-4.765869 50.329042,-4.765823 50.329113,-4.765924 50.329154,-4.765895 50.329218,-4.765716 50.329177,-4.765738 50.329144,-4.765586 50.329103)))",2021-01-20,,,/brownfield-site/local-authority-eng/CON/brownfield-site-BR122
brownfield-site:BR124,Former Trelawney Garage Morrab Road Penzance Cornwall TR18 4HD,BR124,local-authority-eng:CON,,"MULTIPOLYGON (((-5.537952 50.114593,-5.537836 50.114452,-5.538389 50.114253,-5.538502 50.114506,-5.538191 50.114553,-5.538129 50.114538,-5.537952 50.114593)))",2021-01-20,,,/brownfield-site/local-authority-eng/CON/brownfield-site-BR124
brownfield-site:BR125,Land At Mount Pleasant West Of Auberge Asterisk Withiel Road Roche Cornwall,BR125,local-authority-eng:CON,,"MULTIPOLYGON (((-4.819264 50.429076,-4.819150 50.428866,-4.818779 50.428961,-4.818609 50.428703,-4.818992 50.428574,-4.820015 50.428148,-4.820176 50.428281,-4.820222 50.428265,-4.820247 50.428300,-4.820614 50.428196,-4.820540 50.428531,-4.820435 50.428483,-4.820389 50.428499,-4.819675 50.428852,-4.819704 50.428953,-4.819264 50.429076)))",2021-01-20,,,/brownfield-site/local-authority-eng/CON/brownfield-site-BR125
brownfield-site:BR126,Thomas Storage Land Red Lane Bugle Cornwall,BR126,local-authority-eng:CON,,"MULTIPOLYGON (((-4.790067 50.401620,-4.790443 50.401877,-4.790574 50.401914,-4.790584 50.401947,-4.789949 50.402731,-4.789844 50.402778,-4.789765 50.402861,-4.789403 50.402333,-4.790067 50.401620)))",2021-01-20,,,/brownfield-site/local-authority-eng/CON/brownfield-site-BR126
brownfield-site:BR127,The Cottage Hotel Boskerris Road Carbis Bay TR26 2PE,BR127,local-authority-eng:CON,,"MULTIPOLYGON (((-5.464682 50.197126,-5.464824 50.196970,-5.465197 50.196977,-5.465349 50.196895,-5.465513 50.196732,-5.465797 50.196673,-5.465656 50.196657,-5.465636 50.196574,-5.465899 50.196429,-5.465851 50.196341,-5.466202 50.196322,-5.466572 50.196245,-5.466992 50.195906,-5.467115 50.195964,-5.467198 50.196090,-5.467370 50.196064,-5.467747 50.196145,-5.467998 50.196286,-5.467406 50.196756,-5.467236 50.196514,-5.467114 50.196494,-5.467145 50.196472,-5.467034 50.196422,-5.466686 50.196546,-5.466530 50.196690,-5.466507 50.196979,-5.465882 50.197114,-5.465625 50.197086,-5.465378 50.197192,-5.464682 50.197126)))",2021-01-20,,,/brownfield-site/local-authority-eng/CON/brownfield-site-BR127
brownfield-site:BR128,Land Rear Of Maynes Garage Wheal Tehidy Lane Barncoose Cornwall TR15 3EX,BR128,local-authority-eng:CON,,"MULTIPOLYGON (((-5.249839 50.230987,-5.249739 50.230993,-5.249573 50.230371,-5.249359 50.230387,-5.249702 50.230317,-5.249641 50.230404,-5.249739 50.230715,-5.250594 50.230667,-5.250527 50.230744,-5.250602 50.230991,-5.249839 50.230987)))",2021-01-20,,,/brownfield-site/local-authority-eng/CON/brownfield-site-BR128
brownfield-site:BR129,Car Park East Hill St Austell Cornwall,BR129,local-authority-eng:CON,,"MULTIPOLYGON (((-4.790166 50.337400,-4.790533 50.337249,-4.791034 50.337502,-4.790797 50.337707,-4.790592 50.337815,-4.790238 50.337764,-4.790414 50.337666,-4.790166 50.337400)))",2021-01-20,,,/brownfield-site/local-authority-eng/CON/brownfield-site-BR129
brownfield-site:BR130,Land At Former MOD Site R A F St Eval St Eval Wadebridge Cornwall PL27 7TT,BR130,local-authority-eng:CON,,"MULTIPOLYGON (((-4.981973 50.478215,-4.981636 50.478055,-4.981468 50.478204,-4.980344 50.477948,-4.980314 50.477918,-4.980337 50.477863,-4.980167 50.477826,-4.980322 50.477677,-4.979921 50.477500,-4.979769 50.477634,-4.979549 50.477533,-4.980725 50.476485,-4.980045 50.476172,-4.980290 50.475924,-4.979485 50.475525,-4.979966 50.475128,-4.980220 50.474785,-4.980393 50.474622,-4.981100 50.474398,-4.981117 50.474360,-4.981195 50.474328,-4.981155 50.474277,-4.981160 50.474211,-4.981207 50.474152,-4.981307 50.474113,-4.981768 50.474026,-4.982234 50.474018,-4.984011 50.474271,-4.983563 50.475488,-4.982870 50.475388,-4.982835 50.475433,-4.982391 50.475394,-4.982158 50.475469,-4.982499 50.475915,-4.982421 50.475942,-4.983115 50.476786,-4.983500 50.477200,-4.983141 50.477332,-4.981921 50.478408,-4.981846 50.478327,-4.981973 50.478215)))",2021-01-20,,,/brownfield-site/local-authority-eng/CON/brownfield-site-BR130
brownfield-site:BR131,12 The Crescent Newquay TR7 1DT,BR131,local-authority-eng:CON,,"MULTIPOLYGON (((-5.084210 50.414518,-5.084334 50.414410,-5.084380 50.414433,-5.084542 50.414294,-5.084682 50.414343,-5.084380 50.414638,-5.084162 50.414576,-5.084210 50.414518)))",2021-01-20,,,/brownfield-site/local-authority-eng/CON/brownfield-site-BR131
brownfield-site:BR132,St Pauls Old School Taroveor Road Penzance TR18 2BH,BR132,local-authority-eng:CON,,"MULTIPOLYGON (((-5.537969 50.121136,-5.538065 50.121116,-5.538245 50.121466,-5.537930 50.121539,-5.537731 50.121190,-5.537969 50.121136)))",2021-01-20,,,/brownfield-site/local-authority-eng/CON/brownfield-site-BR132
brownfield-site:BR133,Abbotts Priory Yard RiversideLaunceston Cornwall PL15 8DQ,BR133,local-authority-eng:CON,,"MULTIPOLYGON (((-4.367558 50.640593,-4.367028 50.640571,-4.366442 50.640601,-4.366416 50.640368,-4.367291 50.640356,-4.367272 50.640555,-4.367892 50.640574,-4.367860 50.640643,-4.367558 50.640593)))",2021-01-20,,,/brownfield-site/local-authority-eng/CON/brownfield-site-BR133
brownfield-site:BR134,Former Devoran Car Sales Site Devoran Truro Cornwall TR3 7NR,BR134,local-authority-eng:CON,,"MULTIPOLYGON (((-5.098758 50.212110,-5.099225 50.211840,-5.099449 50.212000,-5.098971 50.212279,-5.098758 50.212110)))",2021-01-20,,,/brownfield-site/local-authority-eng/CON/brownfield-site-BR134
brownfield-site:BR135,18-20 Woodland Road St Austell PL25 4QY,BR135,local-authority-eng:CON,,"MULTIPOLYGON (((-4.777790 50.337290,-4.777995 50.337523,-4.777589 50.337629,-4.777439 50.337397,-4.777790 50.337290)))",2021-01-20,,,/brownfield-site/local-authority-eng/CON/brownfield-site-BR135
brownfield-site:BR136,Sterling Court Truro Hill Penryn Cornwall TR10 8DB,BR136,local-authority-eng:CON,,"MULTIPOLYGON (((-5.106326 50.171599,-5.105410 50.171607,-5.105361 50.171211,-5.105441 50.171193,-5.106232 50.171291,-5.106319 50.171488,-5.106326 50.171599)))",2021-01-20,,,/brownfield-site/local-authority-eng/CON/brownfield-site-BR136
brownfield-site:BR137,Penwith Street Penzance Cornwall TR18 2ET,BR137,local-authority-eng:CON,,"MULTIPOLYGON (((-5.535110 50.121945,-5.534413 50.121715,-5.534607 50.121476,-5.535905 50.121882,-5.535537 50.122178,-5.535479 50.122062,-5.535110 50.121945)))",2021-01-20,,,/brownfield-site/local-authority-eng/CON/brownfield-site-BR137
brownfield-site:BR138,Brookhouse Inn 70 Henver Road Newquay TR7 3BN,BR138,local-authority-eng:CON,,"MULTIPOLYGON (((-5.060375 50.417791,-5.060466 50.417785,-5.060534 50.418136,-5.059905 50.418194,-5.059835 50.417870,-5.060375 50.417791)))",2021-01-20,,,/brownfield-site/local-authority-eng/CON/brownfield-site-BR138
brownfield-site:BR139,Sheaf Of Wheat Inn Chapel Street St Ives TR26 2LR,BR139,local-authority-eng:CON,,"MULTIPOLYGON (((-5.482492 50.210939,-5.482628 50.210937,-5.482649 50.211059,-5.482308 50.211095,-5.482274 50.210980,-5.482296 50.210957,-5.482492 50.210939)))",2021-01-20,,,/brownfield-site/local-authority-eng/CON/brownfield-site-BR139
brownfield-site:BR140,38-40 Pentire Crescent Newquay TR7 1PU,BR140,local-authority-eng:CON,,"MULTIPOLYGON (((-5.101930 50.409732,-5.101614 50.409691,-5.101564 50.409654,-5.101784 50.408836,-5.102072 50.408892,-5.102372 50.408903,-5.102279 50.409388,-5.102170 50.409741,-5.101930 50.409732)))",2021-01-20,,,/brownfield-site/local-authority-eng/CON/brownfield-site-BR140
brownfield-site:BR141,Offshore Hotel 6 Pentire Avenue Newquay Cornwall TR7 1PA,BR141,local-authority-eng:CON,,"MULTIPOLYGON (((-5.101875 50.411419,-5.102006 50.411655,-5.101744 50.411729,-5.101591 50.411496,-5.101875 50.411419)))",2021-01-20,,,/brownfield-site/local-authority-eng/CON/brownfield-site-BR141
brownfield-site:BR142,236 Henver Road Newquay TR7 3EH,BR142,local-authority-eng:CON,,"MULTIPOLYGON (((-5.045867 50.416723,-5.045978 50.416354,-5.046183 50.416380,-5.045919 50.417088,-5.045720 50.417062,-5.045867 50.416723)))",2021-01-20,,,/brownfield-site/local-authority-eng/CON/brownfield-site-BR142
brownfield-site:BR143,Tyringham Arms Nance Trink TR26 3EZ,BR143,local-authority-eng:CON,,"MULTIPOLYGON (((-5.472577 50.179480,-5.472122 50.179504,-5.471359 50.179471,-5.471395 50.179244,-5.471989 50.179146,-5.472168 50.179083,-5.472462 50.179070,-5.472496 50.178951,-5.472870 50.178956,-5.473497 50.179059,-5.473447 50.179082,-5.473400 50.179247,-5.473468 50.179257,-5.473463 50.179302,-5.473389 50.179297,-5.473286 50.179575,-5.472577 50.179480)))",2021-01-20,,,/brownfield-site/local-authority-eng/CON/brownfield-site-BR143
brownfield-site:BR144,36 Rosevear Road Bugle PL26 8PJ,BR144,local-authority-eng:CON,,"MULTIPOLYGON (((-4.791427 50.395634,-4.791576 50.395375,-4.791466 50.395343,-4.791483 50.395299,-4.791170 50.395274,-4.791112 50.395215,-4.791071 50.395227,-4.790942 50.395081,-4.790967 50.395069,-4.790766 50.394876,-4.790997 50.394746,-4.791598 50.394993,-4.792193 50.394834,-4.791901 50.395403,-4.791741 50.395398,-4.791622 50.395667,-4.791427 50.395634)))",2021-01-20,,,/brownfield-site/local-authority-eng/CON/brownfield-site-BR144
brownfield-site:BR145,Oceans House Truro Business Park Threemilestone Cornwall TR4 9LD,BR145,local-authority-eng:CON,,"MULTIPOLYGON (((-5.123215 50.259684,-5.123212 50.259634,-5.123044 50.259643,-5.123025 50.259481,-5.123197 50.259468,-5.123154 50.259374,-5.123285 50.259357,-5.123312 50.259675,-5.123215 50.259684)))",2021-01-20,,,/brownfield-site/local-authority-eng/CON/brownfield-site-BR145
brownfield-site:BR146,Fistral Bay Hotel 1 Pentire Avenue Newquay TR7 1NZ,BR146,local-authority-eng:CON,,"MULTIPOLYGON (((-5.099770 50.411484,-5.100066 50.411384,-5.100388 50.411726,-5.099603 50.412003,-5.099533 50.411960,-5.099627 50.411547,-5.099770 50.411484)))",2021-01-20,,,/brownfield-site/local-authority-eng/CON/brownfield-site-BR146
brownfield-site:BR147,15 Coinagehall Street Helston TR13 8ER,BR147,local-authority-eng:CON,,"MULTIPOLYGON (((-5.275484 50.100953,-5.275426 50.100783,-5.275555 50.100755,-5.275679 50.101106,-5.275530 50.101124,-5.275484 50.100953)))",2021-01-20,,,/brownfield-site/local-authority-eng/CON/brownfield-site-BR147
brownfield-site:BR148,Police Station 4 Ferry Street Torpoint PL11 2AZ,BR148,local-authority-eng:CON,,"MULTIPOLYGON (((-4.194425 50.374590,-4.194526 50.374544,-4.194676 50.374679,-4.194253 50.374890,-4.194359 50.375069,-4.194113 50.375126,-4.194074 50.375046,-4.194133 50.375008,-4.193971 50.374885,-4.194425 50.374590)))",2021-01-20,,,/brownfield-site/local-authority-eng/CON/brownfield-site-BR148
brownfield-site:BR149,Carbis Bay Holiday Park Laity Lane Carbis Bay Cornwall TR26 3HW,BR149,local-authority-eng:CON,,"MULTIPOLYGON (((-5.462173 50.190782,-5.462314 50.190306,-5.462350 50.190054,-5.462346 50.189619,-5.462262 50.189260,-5.461315 50.189321,-5.461295 50.189268,-5.461473 50.189237,-5.462379 50.188774,-5.462668 50.188680,-5.462728 50.188748,-5.462945 50.188783,-5.464141 50.188660,-5.465501 50.188180,-5.465621 50.188886,-5.465591 50.189085,-5.465129 50.189098,-5.464372 50.189175,-5.463888 50.189160,-5.463061 50.189062,-5.462694 50.189056,-5.462888 50.188836,-5.462539 50.188777,-5.462349 50.188836,-5.462305 50.188920,-5.462319 50.189101,-5.462385 50.189139,-5.462563 50.189129,-5.462571 50.189175,-5.462328 50.189223,-5.462420 50.189733,-5.462406 50.190209,-5.461965 50.191862,-5.461875 50.191854,-5.462173 50.190782),(-5.462241 50.189168,-5.462229 50.188890,-5.461596 50.189218,-5.461623 50.189232,-5.462241 50.189168)))",2021-01-20,,,/brownfield-site/local-authority-eng/CON/brownfield-site-BR149
brownfield-site:BR150,Land Rear of St Georges Arcade St Georges Arcade Falmouth Cornwall,BR150,local-authority-eng:CON,,"MULTIPOLYGON (((-5.069032 50.154502,-5.069300 50.154422,-5.069339 50.154467,-5.069109 50.154637,-5.069225 50.154701,-5.069148 50.154747,-5.068939 50.154595,-5.069048 50.154515,-5.069032 50.154502)))",2021-01-20,,,/brownfield-site/local-authority-eng/CON/brownfield-site-BR150
brownfield-site:BR151,Raob Tresooth Lane Penryn TR10 8DL,BR151,local-authority-eng:CON,,"MULTIPOLYGON (((-5.109666 50.172036,-5.109478 50.171905,-5.109798 50.171697,-5.110200 50.171968,-5.109666 50.172036)))",2021-01-20,,,/brownfield-site/local-authority-eng/CON/brownfield-site-BR151
brownfield-site:BR152,Hotel La Felica 72 Henver Road Newquay TR7 3BL,BR152,local-authority-eng:CON,,"MULTIPOLYGON (((-5.059515 50.417889,-5.059800 50.417856,-5.059880 50.418196,-5.059589 50.418227,-5.059515 50.417889)))",2021-01-20,,,/brownfield-site/local-authority-eng/CON/brownfield-site-BR152
brownfield-site:BR153,The Showroom Duchy Motors Grenville Road Lostwithiel Cornwall PL22 0EW,BR153,local-authority-eng:CON,,"MULTIPOLYGON (((-4.665030 50.407689,-4.664989 50.407897,-4.665030 50.407684,-4.665410 50.407650,-4.665221 50.408025,-4.664971 50.407991,-4.665030 50.407689)))",2021-01-20,,,/brownfield-site/local-authority-eng/CON/brownfield-site-BR153
brownfield-site:BR154,Land East Of Nancassick Farm King Harry Road Feock,BR154,local-authority-eng:CON,,"MULTIPOLYGON (((-5.053778 50.218348,-5.052927 50.218367,-5.052823 50.218288,-5.052811 50.218114,-5.052392 50.218002,-5.052396 50.217861,-5.052425 50.217821,-5.052151 50.217790,-5.053837 50.217889,-5.052525 50.217833,-5.052466 50.217881,-5.052452 50.217944,-5.052505 50.217991,-5.052800 50.218064,-5.053758 50.218025,-5.053781 50.218310,-5.053870 50.218346,-5.053778 50.218348)))",2021-01-20,,,/brownfield-site/local-authority-eng/CON/brownfield-site-BR154
brownfield-site:BR155,Penhale Camp Camp Road Holywell Bay Newquay Cornwall TR8 5PF,BR155,local-authority-eng:CON,,"MULTIPOLYGON (((-5.146144 50.383921,-5.145836 50.383775,-5.145617 50.383840,-5.145404 50.383715,-5.143505 50.385248,-5.143111 50.385628,-5.143024 50.385583,-5.145309 50.383684,-5.144934 50.383498,-5.144733 50.383128,-5.145038 50.382263,-5.146590 50.381251,-5.148340 50.380686,-5.148696 50.380734,-5.149077 50.381135,-5.149095 50.381265,-5.148887 50.381640,-5.149169 50.381965,-5.150202 50.382104,-5.150689 50.384114,-5.149266 50.385253,-5.147787 50.385692,-5.146133 50.385159,-5.145588 50.384520,-5.145607 50.384394,-5.146144 50.383921)))",2021-01-20,,,/brownfield-site/local-authority-eng/CON/brownfield-site-BR155
brownfield-site:BR156,First Floor Regal House Fore Street Saltash Cornwall PL12 6JR,BR156,local-authority-eng:CON,,"MULTIPOLYGON (((-4.213435 50.409124,-4.213464 50.408989,-4.213505 50.408992,-4.213511 50.408965,-4.213898 50.408995,-4.213907 50.408949,-4.214017 50.408958,-4.213987 50.409103,-4.213572 50.409047,-4.213554 50.409134,-4.213435 50.409124)))",2021-01-20,,,/brownfield-site/local-authority-eng/CON/brownfield-site-BR156
brownfield-site:BR157,Land South Of Annears Garage Tywardreath Highway Par Cornwall,BR157,local-authority-eng:CON,,"MULTIPOLYGON (((-4.711228 50.364913,-4.712473 50.364573,-4.712617 50.364846,-4.711380 50.365134,-4.711228 50.364913)))",2021-01-20,,,/brownfield-site/local-authority-eng/CON/brownfield-site-BR157
brownfield-site:BR158,Pentewan Valley Nurseries Pentewan St Austell Cornwall PL26 6DL,BR158,local-authority-eng:CON,,"MULTIPOLYGON (((-4.799951 50.299578,-4.799794 50.299368,-4.799326 50.299550,-4.799316 50.299531,-4.800140 50.299141,-4.800238 50.299163,-4.800616 50.299780,-4.800709 50.299868,-4.800216 50.300002,-4.799951 50.299578)))",2021-01-20,,,/brownfield-site/local-authority-eng/CON/brownfield-site-BR158
brownfield-site:BR159,Alan Davis Automatics Wheal Northey St Austell PL25 3EF,BR159,local-authority-eng:CON,,"MULTIPOLYGON (((-4.759830 50.344779,-4.759535 50.344602,-4.760597 50.344308,-4.760727 50.344444,-4.760743 50.344525,-4.760704 50.344554,-4.759830 50.344779)))",2021-01-20,,,/brownfield-site/local-authority-eng/CON/brownfield-site-BR159
brownfield-site:BR160,U Fit Windows 30 - 32 Slades Road St Austell Cornwall PL25 4EY,BR160,local-authority-eng:CON,,"MULTIPOLYGON (((-4.779238 50.346946,-4.779622 50.346840,-4.779643 50.346869,-4.779741 50.346841,-4.779772 50.346949,-4.779436 50.346997,-4.779452 50.347032,-4.779315 50.347069,-4.779238 50.346946)))",2021-01-20,,,/brownfield-site/local-authority-eng/CON/brownfield-site-BR160
brownfield-site:BR161,Biscovey Garage St Austell Road St Blazey Gate Par PL24 2EE,BR161,local-authority-eng:CON,,"MULTIPOLYGON (((-4.726967 50.350977,-4.726862 50.350982,-4.726837 50.350932,-4.726919 50.350917,-4.726794 50.350693,-4.727236 50.350612,-4.727471 50.350827,-4.727066 50.350927,-4.727159 50.351070,-4.727079 50.351090,-4.726967 50.350977)))",2021-01-20,,,/brownfield-site/local-authority-eng/CON/brownfield-site-BR161
brownfield-site:BR162,Ward Of Truro Chyvelah Road Threemilestone Truro Cornwall TR3 6BX,BR162,local-authority-eng:CON,,"MULTIPOLYGON (((-5.113659 50.263523,-5.113749 50.263456,-5.113712 50.263414,-5.113717 50.263302,-5.113756 50.263285,-5.113771 50.262772,-5.114296 50.262764,-5.114305 50.263351,-5.114120 50.263484,-5.113659 50.263523)))",2021-01-20,,,/brownfield-site/local-authority-eng/CON/brownfield-site-BR162
brownfield-site:BR163,Land West Of The Stables Inn Penstowe Park Kilkhampton Bude Cornwall EX23 9QY,BR163,local-authority-eng:CON,,"MULTIPOLYGON (((-4.493628 50.873054,-4.493588 50.872961,-4.493523 50.872976,-4.493504 50.872930,-4.493558 50.872920,-4.493442 50.872640,-4.494096 50.872569,-4.493974 50.872743,-4.493983 50.872957,-4.493628 50.873054)))",2021-01-20,,,/brownfield-site/local-authority-eng/CON/brownfield-site-BR163
brownfield-site:BR164,Little Court 56 Saltash Road Callington Cornwall PL17 7EQ,BR164,local-authority-eng:CON,,"MULTIPOLYGON (((-4.307026 50.499524,-4.306015 50.499235,-4.306847 50.499452,-4.306866 50.499369,-4.306994 50.499174,-4.307448 50.499172,-4.307456 50.499067,-4.308185 50.499118,-4.308566 50.499113,-4.308565 50.499085,-4.309087 50.499090,-4.309085 50.499218,-4.308468 50.499197,-4.308184 50.499772,-4.309067 50.500043,-4.307026 50.499524)))",2021-01-20,,,/brownfield-site/local-authority-eng/CON/brownfield-site-BR164
brownfield-site:BR165,Royal British Legion Gurneys Lane Camborne Cornwall TR14 8JP,BR165,local-authority-eng:CON,,"MULTIPOLYGON (((-5.299988 50.213572,-5.299835 50.213560,-5.299838 50.213413,-5.299920 50.213343,-5.300240 50.213508,-5.300118 50.213627,-5.299988 50.213572)))",2021-01-20,,,/brownfield-site/local-authority-eng/CON/brownfield-site-BR165
brownfield-site:BR166,12 Rosewarne Road Camborne TR14 8BE,BR166,local-authority-eng:CON,,"MULTIPOLYGON (((-5.297185 50.215489,-5.297156 50.215400,-5.297054 50.215290,-5.297264 50.215243,-5.297203 50.215054,-5.297300 50.215032,-5.297436 50.215446,-5.297185 50.215489)))",2021-01-20,,,/brownfield-site/local-authority-eng/CON/brownfield-site-BR166
brownfield-site:BR167,Derelict Buildings At Rear Of 34 Stray Park Road Camborne Cornwall TR14 8UN,BR167,local-authority-eng:CON,,"MULTIPOLYGON (((-5.293971 50.211911,-5.293847 50.211787,-5.293483 50.211881,-5.293425 50.211850,-5.294145 50.211593,-5.294229 50.211700,-5.294139 50.211730,-5.294196 50.211859,-5.293987 50.211940,-5.293971 50.211911)))",2021-01-20,,,/brownfield-site/local-authority-eng/CON/brownfield-site-BR167
brownfield-site:BR168,Land NE Of Tesco Foundry Road Camborne Cornwall,BR168,local-authority-eng:CON,,"MULTIPOLYGON (((-5.290090 50.216160,-5.289324 50.216191,-5.289301 50.216001,-5.289329 50.215999,-5.289273 50.215822,-5.289639 50.215667,-5.290005 50.215863,-5.290146 50.215740,-5.289908 50.215595,-5.289875 50.215512,-5.290339 50.215064,-5.290426 50.215097,-5.290500 50.215175,-5.290597 50.215337,-5.290588 50.215514,-5.290666 50.216053,-5.290643 50.216078,-5.290513 50.215962,-5.290163 50.215750,-5.290020 50.215873,-5.290338 50.216070,-5.290386 50.216183,-5.290303 50.216320,-5.290099 50.216312,-5.290090 50.216160)))",2021-01-20,,,/brownfield-site/local-authority-eng/CON/brownfield-site-BR168
brownfield-site:BR169,Wheal Agar Trevithick Road Pool TR15 3NP,BR169,local-authority-eng:CON,,"MULTIPOLYGON (((-5.263248 50.230870,-5.263397 50.230766,-5.263437 50.230791,-5.263256 50.230949,-5.262616 50.231316,-5.262712 50.231474,-5.261462 50.231834,-5.261483 50.231748,-5.261393 50.231616,-5.262671 50.231231,-5.263248 50.230870)))",2021-01-20,,,/brownfield-site/local-authority-eng/CON/brownfield-site-BR169
brownfield-site:BR170,Land Adj 2 Shallow Adit Shallow Adit Redruth Cornwall TR16 5AE,BR170,local-authority-eng:CON,,"MULTIPOLYGON (((-5.209062 50.249370,-5.208790 50.249215,-5.208673 50.249196,-5.208665 50.249150,-5.208515 50.249031,-5.209066 50.248696,-5.209540 50.248964,-5.209451 50.249019,-5.209422 50.249002,-5.209075 50.249245,-5.209142 50.249311,-5.209062 50.249370)))",2021-01-20,,,/brownfield-site/local-authority-eng/CON/brownfield-site-BR170
brownfield-site:BR171,Mono 4 Killigrew Street Falmouth Cornwall TR11 3PN,BR171,local-authority-eng:CON,,"MULTIPOLYGON (((-5.071338 50.156029,-5.071312 50.156001,-5.071234 50.156020,-5.071175 50.155962,-5.071303 50.155900,-5.071391 50.156009,-5.071338 50.156029)))",2021-01-20,,,/brownfield-site/local-authority-eng/CON/brownfield-site-BR171
brownfield-site:BR172,Land East Of Asda Store Off Kernick Road Penryn Cornwall,BR172,local-authority-eng:CON,,"MULTIPOLYGON (((-5.121040 50.163023,-5.120972 50.162974,-5.120410 50.163198,-5.119995 50.162772,-5.119917 50.162735,-5.119700 50.162743,-5.119516 50.162521,-5.119618 50.162494,-5.119382 50.162212,-5.119040 50.162257,-5.118760 50.162380,-5.118528 50.162095,-5.118687 50.161987,-5.118889 50.161760,-5.119091 50.161661,-5.119682 50.161599,-5.119914 50.161672,-5.119961 50.161747,-5.120018 50.161970,-5.119948 50.162042,-5.119873 50.162062,-5.119917 50.162161,-5.120044 50.162148,-5.120123 50.162201,-5.120398 50.162497,-5.120763 50.162806,-5.120948 50.162954,-5.121016 50.162938,-5.121821 50.163719,-5.122066 50.164176,-5.121969 50.164167,-5.121965 50.164108,-5.121727 50.163692,-5.121040 50.163023)),((-5.118994 50.161548,-5.119170 50.161428,-5.119563 50.161290,-5.119983 50.161212,-5.120064 50.161146,-5.120529 50.161325,-5.121006 50.161451,-5.120776 50.161552,-5.120893 50.161752,-5.120922 50.161976,-5.120498 50.162009,-5.120210 50.161931,-5.120126 50.161879,-5.120118 50.161758,-5.120038 50.161623,-5.119959 50.161565,-5.119697 50.161529,-5.119268 50.161550,-5.118980 50.161627,-5.118770 50.161745,-5.118649 50.161916,-5.118412 50.162083,-5.118151 50.161840,-5.118258 50.161792,-5.118255 50.161744,-5.118347 50.161708,-5.118994 50.161548)))",2021-01-20,,,/brownfield-site/local-authority-eng/CON/brownfield-site-BR172
brownfield-site:BR173,R And J Supplies Copper Terrace Copperhouse Hayle Cornwall TR27 4DZ,BR173,local-authority-eng:CON,,"MULTIPOLYGON (((-5.406443 50.192447,-5.406296 50.192465,-5.406172 50.192384,-5.405945 50.192361,-5.406131 50.192048,-5.406723 50.191436,-5.406990 50.191470,-5.407047 50.191433,-5.407135 50.191430,-5.407305 50.191538,-5.407579 50.191352,-5.407666 50.191340,-5.407367 50.191566,-5.407392 50.191592,-5.407019 50.191877,-5.406760 50.192146,-5.407082 50.192314,-5.406821 50.192490,-5.406443 50.192447)))",2021-01-20,,,/brownfield-site/local-authority-eng/CON/brownfield-site-BR173
brownfield-site:BR174,Land North East Of Taylors Garage Barn Street Liskeard Cornwall PL14 4BL,BR174,local-authority-eng:CON,,"MULTIPOLYGON (((-4.464622 50.452752,-4.464261 50.452670,-4.464393 50.452471,-4.464433 50.452354,-4.464422 50.452229,-4.465235 50.452220,-4.465177 50.452371,-4.464585 50.452354,-4.464594 50.452486,-4.464896 50.452553,-4.464856 50.452602,-4.465041 50.452655,-4.464848 50.452625,-4.464752 50.452740,-4.464652 50.452717,-4.464622 50.452752)))",2021-01-20,,,/brownfield-site/local-authority-eng/CON/brownfield-site-BR174
brownfield-site:BR175,2 Pentire Avenue Newquay TR7 1PA,BR175,local-authority-eng:CON,,"MULTIPOLYGON (((-5.100463 50.411842,-5.101034 50.411661,-5.101249 50.411936,-5.100470 50.411866,-5.100463 50.411842)))",2021-01-20,,,/brownfield-site/local-authority-eng/CON/brownfield-site-BR175
brownfield-site:BR176,"Ranelagh Court, Ranelagh House 101A Henver Road Newquay TR7 3DN",BR176,local-authority-eng:CON,,"MULTIPOLYGON (((-5.055718 50.418370,-5.055938 50.418374,-5.056106 50.418414,-5.056229 50.418487,-5.056268 50.418571,-5.055742 50.418603,-5.055718 50.418370)))",2021-01-20,,,/brownfield-site/local-authority-eng/CON/brownfield-site-BR176
brownfield-site:BR177,Trebarwith Hotel Trebarwith Crescent Newquay Cornwall TR7 1BZ,BR177,local-authority-eng:CON,,"MULTIPOLYGON (((-5.079627 50.415470,-5.079339 50.415370,-5.079300 50.415321,-5.079132 50.415286,-5.078977 50.415031,-5.079634 50.414889,-5.079655 50.414918,-5.079904 50.414849,-5.080051 50.415066,-5.079800 50.415146,-5.080036 50.415515,-5.079842 50.415531,-5.079627 50.415470)))",2021-01-20,,,/brownfield-site/local-authority-eng/CON/brownfield-site-BR177
brownfield-site:BR178,Tides Reach Gannel Road Newquay TR7 2AG,BR178,local-authority-eng:CON,,"MULTIPOLYGON (((-5.081348 50.406465,-5.081274 50.406217,-5.081670 50.406235,-5.081634 50.406142,-5.081756 50.406154,-5.081739 50.406178,-5.081781 50.406327,-5.081902 50.406431,-5.081945 50.406591,-5.081832 50.406722,-5.081422 50.406719,-5.081398 50.406626,-5.081425 50.406505,-5.081348 50.406465)))",2021-01-20,,,/brownfield-site/local-authority-eng/CON/brownfield-site-BR178
brownfield-site:BR180,Penzance Post Office 113 Market Jew Street Penzance TR18 2LB,BR180,local-authority-eng:CON,,"MULTIPOLYGON (((-5.535596 50.119003,-5.535468 50.118966,-5.535494 50.118924,-5.535571 50.118950,-5.535623 50.118875,-5.535787 50.118908,-5.535963 50.118989,-5.535810 50.119062,-5.535596 50.119003)))",2021-01-20,,,/brownfield-site/local-authority-eng/CON/brownfield-site-BR180
brownfield-site:BR181,Treeve House Treeve Lane Connor Downs Hayle Cornwall TR27 5BN,BR181,local-authority-eng:CON,,"MULTIPOLYGON (((-5.386576 50.207411,-5.386449 50.207199,-5.387446 50.207250,-5.386971 50.207600,-5.387000 50.207618,-5.386920 50.207674,-5.386818 50.207819,-5.386501 50.207722,-5.386592 50.207515,-5.386576 50.207411)))",2021-01-20,,,/brownfield-site/local-authority-eng/CON/brownfield-site-BR181
brownfield-site:BR182,13 Upton Towans Hayle Cornwall TR27 5BJ,BR182,local-authority-eng:CON,,"MULTIPOLYGON (((-5.393307 50.207137,-5.392758 50.206839,-5.392817 50.206795,-5.393366 50.207085,-5.393509 50.207006,-5.393908 50.206474,-5.393987 50.206507,-5.393957 50.206545,-5.393993 50.206508,-5.394530 50.206671,-5.394139 50.207019,-5.393771 50.206914,-5.393872 50.206796,-5.393795 50.206758,-5.393903 50.206621,-5.394194 50.206690,-5.394240 50.206620,-5.393953 50.206549,-5.393565 50.207042,-5.393409 50.207142,-5.393307 50.207137)))",2021-01-20,,,/brownfield-site/local-authority-eng/CON/brownfield-site-BR182
brownfield-site:BR183,Land At The Old Abattoir Calenick Cornwall,BR183,local-authority-eng:CON,,"MULTIPOLYGON (((-5.058945 50.249135,-5.058690 50.248882,-5.058310 50.248966,-5.058282 50.248925,-5.058699 50.248849,-5.058919 50.249050,-5.059005 50.249006,-5.058928 50.248941,-5.059329 50.248728,-5.059513 50.248863,-5.059902 50.249007,-5.060237 50.249232,-5.060256 50.249349,-5.060312 50.249402,-5.061108 50.249834,-5.061133 50.249880,-5.061091 50.249899,-5.060950 50.250319,-5.060720 50.250476,-5.060279 50.250266,-5.060393 50.250145,-5.060025 50.249972,-5.059705 50.249727,-5.059259 50.249455,-5.058945 50.249135)))",2021-01-20,,,/brownfield-site/local-authority-eng/CON/brownfield-site-BR183
brownfield-site:BR184,Imperial Motors Pelean Cross Ponsanooth TR3 7JE,BR184,local-authority-eng:CON,,"MULTIPOLYGON (((-5.144819 50.203294,-5.145443 50.202983,-5.145966 50.203432,-5.145214 50.203665,-5.144819 50.203294)))",2021-01-20,,,/brownfield-site/local-authority-eng/CON/brownfield-site-BR184
brownfield-site:BR185,The Perranporth Hotel Wheal Leisure Perranporth TR6 0EY,BR185,local-authority-eng:CON,,"MULTIPOLYGON (((-5.152417 50.344867,-5.152465 50.344846,-5.152658 50.345039,-5.152340 50.345195,-5.152092 50.344997,-5.152417 50.344867)))",2021-01-20,,,/brownfield-site/local-authority-eng/CON/brownfield-site-BR185
brownfield-site:BR186,Garages Grannys Lane Perranporth TR6 0HB,BR186,local-authority-eng:CON,,"MULTIPOLYGON (((-5.154422 50.341440,-5.154618 50.341323,-5.154723 50.341370,-5.154761 50.341340,-5.155143 50.341522,-5.154957 50.341618,-5.154952 50.341660,-5.154886 50.341698,-5.154888 50.341656,-5.154446 50.341562,-5.154324 50.341499,-5.154422 50.341440)))",2021-01-20,,,/brownfield-site/local-authority-eng/CON/brownfield-site-BR186
brownfield-site:BR187,Former John Julian Depository Parka Road St Columb Road Cornwall,BR187,local-authority-eng:CON,,"MULTIPOLYGON (((-4.940465 50.395416,-4.940407 50.394945,-4.940482 50.394897,-4.941184 50.394890,-4.941230 50.395382,-4.940465 50.395416)))",2021-01-20,,,/brownfield-site/local-authority-eng/CON/brownfield-site-BR187
brownfield-site:BR188,Land To The East Of Motor Showroom Summercourt Cornwall,BR188,local-authority-eng:CON,,"MULTIPOLYGON (((-4.975863 50.366159,-4.976214 50.366050,-4.976363 50.366230,-4.976679 50.366523,-4.976046 50.366865,-4.975852 50.366513,-4.975903 50.366500,-4.975730 50.366195,-4.975863 50.366159)))",2021-01-20,,,/brownfield-site/local-authority-eng/CON/brownfield-site-BR188
brownfield-site:BR189,Carvynick Golf & Country Club Pencorse Lane From Penscawn Farm To Beacon Road Summercourt Cornwall TR8 5AF,BR189,local-authority-eng:CON,,"MULTIPOLYGON (((-4.983789 50.369956,-4.983008 50.369850,-4.982901 50.369908,-4.982208 50.369824,-4.981080 50.369437,-4.980793 50.369287,-4.980978 50.369050,-4.982150 50.368701,-4.982345 50.368672,-4.982504 50.368765,-4.982479 50.368837,-4.983076 50.368956,-4.982962 50.369239,-4.982439 50.369148,-4.982423 50.369191,-4.982531 50.369253,-4.982469 50.369455,-4.982392 50.369580,-4.982637 50.369645,-4.982623 50.369698,-4.982867 50.369749,-4.982972 50.369689,-4.982969 50.369590,-4.983030 50.369532,-4.983169 50.369577,-4.983348 50.369584,-4.983526 50.369513,-4.983612 50.369342,-4.983747 50.369348,-4.983728 50.369408,-4.984013 50.369441,-4.983789 50.369956)),((-4.983363 50.368573,-4.983458 50.368415,-4.983596 50.368272,-4.983738 50.368221,-4.983801 50.368150,-4.983810 50.368073,-4.984400 50.367602,-4.985354 50.368139,-4.984927 50.368523,-4.984709 50.368439,-4.984746 50.368369,-4.984468 50.368315,-4.984306 50.368601,-4.983884 50.368491,-4.983682 50.368812,-4.983281 50.368740,-4.983373 50.368657,-4.983363 50.368573)))",2021-01-20,,,/brownfield-site/local-authority-eng/CON/brownfield-site-BR189
brownfield-site:BR190,East Iron Works Polbathic Torpoint Cornwall PL11 3HD,BR190,local-authority-eng:CON,,"MULTIPOLYGON (((-4.324639 50.388436,-4.324364 50.388397,-4.324363 50.387849,-4.324155 50.387472,-4.324290 50.387417,-4.324827 50.387536,-4.325106 50.387745,-4.324689 50.388434,-4.324639 50.388436)))",2021-01-20,,,/brownfield-site/local-authority-eng/CON/brownfield-site-BR190
brownfield-site:BR191,Ismeer Trewollock Lane Gorran Haven PL26 6NT,BR191,local-authority-eng:CON,,"MULTIPOLYGON (((-4.793504 50.241080,-4.793716 50.240987,-4.793991 50.240929,-4.794315 50.240934,-4.794490 50.240982,-4.794491 50.241040,-4.794423 50.241028,-4.794190 50.241100,-4.794208 50.241165,-4.794251 50.241179,-4.794256 50.241397,-4.794333 50.241703,-4.794070 50.241773,-4.793968 50.241722,-4.793539 50.241277,-4.793460 50.241161,-4.793504 50.241080)))",2021-01-20,,,/brownfield-site/local-authority-eng/CON/brownfield-site-BR191
brownfield-site:BR192,Fore Dore Nursing And Residential Home Trebetherick Wadebridge Cornwall PL27 6SB,BR192,local-authority-eng:CON,,"MULTIPOLYGON (((-4.918005 50.567236,-4.918113 50.567157,-4.918960 50.567300,-4.919020 50.567503,-4.918772 50.567549,-4.918879 50.567716,-4.918725 50.567766,-4.918182 50.567679,-4.918265 50.567418,-4.918165 50.567309,-4.918005 50.567236)))",2021-01-20,,,/brownfield-site/local-authority-eng/CON/brownfield-site-BR192
brownfield-site:BR193,Tregonning Mill Garage Tregonning Road Stithians Cornwall TR3 7FG,BR193,local-authority-eng:CON,,"MULTIPOLYGON (((-5.170609 50.185242,-5.171123 50.184734,-5.171347 50.184798,-5.171528 50.184666,-5.171622 50.184715,-5.171484 50.184817,-5.171526 50.184841,-5.171410 50.184937,-5.171461 50.184965,-5.171404 50.185010,-5.171422 50.185024,-5.171349 50.185086,-5.171270 50.185044,-5.171108 50.185174,-5.171236 50.185272,-5.171079 50.185442,-5.170609 50.185242)))",2021-01-20,,,/brownfield-site/local-authority-eng/CON/brownfield-site-BR193
brownfield-site:BR194,Land South East Of Rose Meadows Molinnis Road Bugle Cornwall PL26 8QJ,BR194,local-authority-eng:CON,,"MULTIPOLYGON (((-4.789195 50.396726,-4.789465 50.396724,-4.789950 50.396740,-4.789839 50.397118,-4.789469 50.397009,-4.789058 50.396965,-4.789075 50.396791,-4.789195 50.396726)))",2021-01-20,,,/brownfield-site/local-authority-eng/CON/brownfield-site-BR194
brownfield-site:BR195,6 - 8 Church Street St Austell Cornwall PL25 4AT,BR195,local-authority-eng:CON,,"MULTIPOLYGON (((-4.791909 50.338045,-4.791894 50.337965,-4.791836 50.337969,-4.791879 50.337847,-4.791810 50.337787,-4.791942 50.337717,-4.792090 50.337803,-4.791989 50.337866,-4.792136 50.337933,-4.792152 50.337973,-4.792088 50.338058,-4.792118 50.338172,-4.791934 50.338167,-4.791909 50.338045)))",2021-01-20,,,/brownfield-site/local-authority-eng/CON/brownfield-site-BR195
brownfield-site:BR196,The Cooperage 71 Charlestown Road Charlestown St Austell Cornwall,BR196,local-authority-eng:CON,,"MULTIPOLYGON (((-4.759481 50.333402,-4.759323 50.333241,-4.758944 50.333387,-4.758904 50.333346,-4.759271 50.333189,-4.759113 50.333066,-4.759612 50.332727,-4.759621 50.332649,-4.760011 50.333007,-4.760069 50.332997,-4.760247 50.333183,-4.759827 50.333399,-4.759749 50.333372,-4.759531 50.333453,-4.759481 50.333402)))",2021-01-20,,,/brownfield-site/local-authority-eng/CON/brownfield-site-BR196
brownfield-site:BR197,Ambulance Station Trewartha Estate Carbis Bay St Ives Cornwall TR26 2TQ,BR197,local-authority-eng:CON,,"MULTIPOLYGON (((-5.463768 50.191564,-5.463846 50.191326,-5.464239 50.191370,-5.464196 50.191490,-5.464120 50.191489,-5.464086 50.191600,-5.463768 50.191564)))",2021-01-20,,,/brownfield-site/local-authority-eng/CON/brownfield-site-BR197
brownfield-site:BR198,Carrick Lodge Belyars Lane The Belyars St Ives TR26 2BZ,BR198,local-authority-eng:CON,,"MULTIPOLYGON (((-5.480399 50.207698,-5.480380 50.207597,-5.480975 50.207451,-5.481002 50.207456,-5.481092 50.207647,-5.481167 50.207645,-5.481194 50.207728,-5.481093 50.207742,-5.481071 50.207808,-5.480442 50.207879,-5.480444 50.207850,-5.480504 50.207843,-5.480483 50.207712,-5.480399 50.207698)))",2021-01-20,,,/brownfield-site/local-authority-eng/CON/brownfield-site-BR198
brownfield-site:BR199,The Garrack Hotel Burthallan Lane St Ives TR26 3AA,BR199,local-authority-eng:CON,,"MULTIPOLYGON (((-5.492202 50.213403,-5.492074 50.213191,-5.492466 50.212997,-5.492459 50.212949,-5.491828 50.212585,-5.491753 50.212484,-5.491548 50.212312,-5.491604 50.212312,-5.491808 50.212429,-5.492224 50.212770,-5.492491 50.212917,-5.492628 50.212836,-5.492892 50.212931,-5.492987 50.212946,-5.493123 50.212916,-5.493167 50.212947,-5.493273 50.212929,-5.493339 50.212966,-5.493467 50.212975,-5.493657 50.213264,-5.493658 50.213327,-5.493268 50.213345,-5.493240 50.213433,-5.493160 50.213529,-5.492893 50.213605,-5.492692 50.213707,-5.492231 50.213475,-5.492202 50.213403)),((-5.493380 50.212963,-5.493384 50.212962,-5.493385 50.212964,-5.493380 50.212963)))",2021-01-20,,,/brownfield-site/local-authority-eng/CON/brownfield-site-BR199
brownfield-site:BR200,Units 1-7 Victoria Mil l Threemilestone TR3 6BX,BR200,local-authority-eng:CON,,"MULTIPOLYGON (((-5.113996 50.263601,-5.114058 50.263969,-5.113253 50.264021,-5.113221 50.263646,-5.113996 50.263601)))",2021-01-20,,,/brownfield-site/local-authority-eng/CON/brownfield-site-BR200
brownfield-site:BR201,Land At Carvedras Carvedras Truro Cornwall,BR201,local-authority-eng:CON,,"MULTIPOLYGON (((-5.060095 50.264553,-5.059962 50.264462,-5.059856 50.264365,-5.059930 50.264326,-5.060118 50.264471,-5.060149 50.264448,-5.060205 50.264485,-5.060095 50.264553)))",2021-01-20,,,/brownfield-site/local-authority-eng/CON/brownfield-site-BR201
brownfield-site:BR202,Devon & Cornwall Housing Kenwyn Street Truro Cornwall TR1 3BA,BR202,local-authority-eng:CON,,"MULTIPOLYGON (((-5.056821 50.263141,-5.056567 50.262910,-5.056896 50.262756,-5.057109 50.262969,-5.057028 50.263014,-5.057070 50.263051,-5.056821 50.263141)))",2021-01-20,,,/brownfield-site/local-authority-eng/CON/brownfield-site-BR202
brownfield-site:BR203,79 Lemon Street Truro Cornwall TR1 2PN,BR203,local-authority-eng:CON,,"MULTIPOLYGON (((-5.051459 50.262368,-5.051519 50.262316,-5.051830 50.262466,-5.051765 50.262508,-5.051459 50.262368)))",2021-01-20,,,/brownfield-site/local-authority-eng/CON/brownfield-site-BR203
brownfield-site:BR204,Priory House Priory Road Bodmin,BR204,local-authority-eng:CON,,"MULTIPOLYGON (((-4.715659 50.470972,-4.715135 50.470951,-4.714853 50.470869,-4.714950 50.470767,-4.715079 50.470825,-4.715397 50.470881,-4.715444 50.470771,-4.715494 50.470779,-4.715504 50.470752,-4.715326 50.470706,-4.715212 50.470581,-4.715487 50.470491,-4.715641 50.470493,-4.715771 50.470573,-4.716439 50.470842,-4.716224 50.470991,-4.715659 50.470972)))",2021-01-20,,,/brownfield-site/local-authority-eng/CON/brownfield-site-BR204
brownfield-site:BR205,1 Downs View Flexbury Bude Cornwall EX23 8RF,BR205,local-authority-eng:CON,,"MULTIPOLYGON (((-4.543698 50.835194,-4.543823 50.834870,-4.544097 50.834916,-4.543956 50.835239,-4.543698 50.835194)))",2021-01-20,,,/brownfield-site/local-authority-eng/CON/brownfield-site-BR205
brownfield-site:BR206,Valley Motors Gas Lane Tolvaddon Camborne Cornwall TR14 0BJ,BR206,local-authority-eng:CON,,"MULTIPOLYGON (((-5.280226 50.226002,-5.280109 50.225989,-5.280065 50.225938,-5.280625 50.224813,-5.280708 50.224836,-5.280781 50.224959,-5.280922 50.225020,-5.280874 50.225157,-5.280889 50.225405,-5.280926 50.225448,-5.281112 50.225524,-5.281180 50.225600,-5.281193 50.225686,-5.281153 50.225808,-5.281068 50.225921,-5.280953 50.225976,-5.280826 50.225985,-5.280669 50.225826,-5.280617 50.225834,-5.280557 50.225950,-5.280470 50.225998,-5.280226 50.226002)))",2021-01-20,,,/brownfield-site/local-authority-eng/CON/brownfield-site-BR206
brownfield-site:BR207,Land To The North Of Drump Road Redruth TR15 1LZ,BR207,local-authority-eng:CON,,"MULTIPOLYGON (((-5.225477 50.238174,-5.226631 50.237698,-5.226742 50.237730,-5.226895 50.237572,-5.226972 50.237591,-5.226870 50.237695,-5.227906 50.238518,-5.226827 50.238827,-5.226182 50.238950,-5.225790 50.239184,-5.225602 50.239067,-5.225477 50.238174)))",2021-01-20,,,/brownfield-site/local-authority-eng/CON/brownfield-site-BR207
brownfield-site:BR208,Hayle Harbour North Quay Hayle Cornwall TR27 4BL,BR208,local-authority-eng:CON,,"MULTIPOLYGON (((-5.428649 50.191212,-5.428449 50.190888,-5.427190 50.190396,-5.426975 50.190326,-5.426691 50.190680,-5.426609 50.190536,-5.426393 50.190511,-5.426183 50.190435,-5.426332 50.190195,-5.425694 50.189991,-5.425677 50.190025,-5.425402 50.189902,-5.425047 50.189799,-5.424593 50.189791,-5.424629 50.189683,-5.424240 50.189645,-5.424054 50.189577,-5.424116 50.189505,-5.424164 50.189519,-5.424327 50.189331,-5.425713 50.189464,-5.427401 50.189824,-5.427318 50.189928,-5.428718 50.190253,-5.429755 50.190430,-5.429665 50.190638,-5.429252 50.190996,-5.428964 50.191166,-5.428810 50.191067,-5.428785 50.191129,-5.428649 50.191212)),((-5.422944 50.183572,-5.423024 50.183540,-5.423327 50.183800,-5.423109 50.183872,-5.422827 50.183617,-5.422944 50.183572)))",2021-01-20,,,/brownfield-site/local-authority-eng/CON/brownfield-site-BR208
brownfield-site:BR209,42 - 44 Lewarne Road Newquay Cornwall TR7 3JT,BR209,local-authority-eng:CON,,"MULTIPOLYGON (((-5.053253 50.424033,-5.053731 50.423832,-5.053843 50.423950,-5.053973 50.423900,-5.054204 50.424026,-5.053563 50.424316,-5.053253 50.424033)))",2021-01-20,,,/brownfield-site/local-authority-eng/CON/brownfield-site-BR209
brownfield-site:BR210,Narrowcliff Hotel Narrowcliff Newquay Cornwall TR7 2PY,BR210,local-authority-eng:CON,,"MULTIPOLYGON (((-5.070403 50.417650,-5.070594 50.417478,-5.070767 50.417639,-5.071015 50.417776,-5.070751 50.417975,-5.070403 50.417650)))",2021-01-20,,,/brownfield-site/local-authority-eng/CON/brownfield-site-BR210
brownfield-site:BR211,Perran Foundry Perranarworthal Truro Cornwall TR3 7NX,BR211,local-authority-eng:CON,,"MULTIPOLYGON (((-5.118474 50.204599,-5.118353 50.204669,-5.118335 50.204605,-5.118251 50.204517,-5.118406 50.204293,-5.118333 50.204268,-5.118071 50.204610,-5.117710 50.204994,-5.117431 50.205172,-5.117310 50.205212,-5.117019 50.205173,-5.116489 50.204981,-5.116197 50.204946,-5.116002 50.204969,-5.115865 50.205032,-5.115740 50.204974,-5.116030 50.204882,-5.116668 50.204500,-5.116798 50.204563,-5.116705 50.204615,-5.116896 50.204764,-5.116939 50.204744,-5.117009 50.204787,-5.117471 50.204535,-5.117521 50.204576,-5.118305 50.204164,-5.118365 50.204212,-5.118591 50.204279,-5.118425 50.204516,-5.118412 50.204584,-5.118474 50.204599)))",2021-01-20,,,/brownfield-site/local-authority-eng/CON/brownfield-site-BR211
brownfield-site:BR212,Hotel Metropole Station Road Padstow Cornwall PL28 8DB,BR212,local-authority-eng:CON,,"MULTIPOLYGON (((-4.937275 50.540140,-4.937090 50.540132,-4.936695 50.540034,-4.936660 50.539757,-4.936782 50.539455,-4.936933 50.539535,-4.937156 50.539575,-4.937567 50.539557,-4.938054 50.539625,-4.938440 50.539746,-4.938539 50.539808,-4.938599 50.539912,-4.938220 50.539790,-4.938026 50.540086,-4.937682 50.540015,-4.937735 50.539896,-4.937397 50.539883,-4.937286 50.540279,-4.937246 50.540277,-4.937275 50.540140)))",2021-01-20,,,/brownfield-site/local-authority-eng/CON/brownfield-site-BR212
brownfield-site:BR213,Whitsand Bay Hotel Finnygook Lane Portwrinkle PL11 3BU,BR213,local-authority-eng:CON,,"MULTIPOLYGON (((-4.308840 50.362578,-4.308832 50.362522,-4.308584 50.362513,-4.308415 50.362441,-4.306855 50.362406,-4.307666 50.362264,-4.307665 50.362358,-4.308226 50.362382,-4.308204 50.362190,-4.308652 50.362029,-4.309204 50.361929,-4.309747 50.362076,-4.309842 50.362699,-4.309231 50.362702,-4.308840 50.362578)))",2021-01-20,,,/brownfield-site/local-authority-eng/CON/brownfield-site-BR213
brownfield-site:BR214,Tregony Industrial Estate Site Nare Hotel Carne Beach Veryan-in-Rosleand TR2 5PF,BR214,local-authority-eng:CON,,"MULTIPOLYGON (((-4.922385 50.262673,-4.922188 50.262639,-4.922293 50.262488,-4.921910 50.262386,-4.922120 50.262164,-4.922840 50.262378,-4.922516 50.262781,-4.922462 50.262705,-4.922385 50.262673)))",2021-01-20,,,/brownfield-site/local-authority-eng/CON/brownfield-site-BR214
brownfield-site:BR215,Treetops Holiday Park The Square Week St Mary Holsworthy Cornwall EX22 6UH,BR215,local-authority-eng:CON,,"MULTIPOLYGON (((-4.502633 50.751965,-4.502078 50.751967,-4.502084 50.751900,-4.501289 50.751890,-4.501001 50.751917,-4.500966 50.751718,-4.500982 50.751641,-4.500936 50.751512,-4.500679 50.751317,-4.500674 50.751246,-4.500758 50.751242,-4.500839 50.751288,-4.501128 50.751274,-4.501138 50.751206,-4.501576 50.751167,-4.501608 50.750985,-4.502628 50.750880,-4.502907 50.751395,-4.503053 50.751813,-4.503216 50.752018,-4.503093 50.752037,-4.502633 50.751965)))",2021-01-20,,,/brownfield-site/local-authority-eng/CON/brownfield-site-BR215
brownfield-site:BR216,11 Treyew Road Truro TR1 3AN,BR216,local-authority-eng:CON,,"MULTIPOLYGON (((-5.065954 50.260742,-5.065981 50.260742,-5.065712 50.261162,-5.065509 50.261249,-5.065126 50.260909,-5.065954 50.260742)))",2021-01-20,,,/brownfield-site/local-authority-eng/CON/brownfield-site-BR216
brownfield-site:BR217,Trennick Villas Malpas Road Truro Cornwall TR1 1QN,BR217,local-authority-eng:CON,,"MULTIPOLYGON (((-5.043153 50.256678,-5.043263 50.256714,-5.043946 50.257251,-5.043444 50.257600,-5.042693 50.257177,-5.042746 50.257138,-5.042402 50.256943,-5.042555 50.256859,-5.043153 50.256678)))",2021-01-20,,,/brownfield-site/local-authority-eng/CON/brownfield-site-BR217
